0,-83834,-83782
0,-83476,-83834,-83782
0,-83476,-83782,-83834
0,-83476,-83782,-83834
0,-83476,-83834,-83782
0,-83476,-83782,-83834
0,-83476,-83834
0,-83476,-83834
0,-83476,-83834
0,-83476,-83834
0,-83476,-83834
0,-83476
0,-83476
0,-83476
0,-83476
0,-83476
0,-83476
0,-83476
0,-83476
0,-83476
0,-83476
0,-83476
0,-83476
0,-83476
0,-83476
0,-83476
0,-83476
0,-83476,-83170
0,-83476,-83170
0,-83170
0,
0,
0,
0,
0,
0,
0,
0,
0,
0,
0,
0,
0,-83782
0,-83782
0,-83782
0,-83476,-83782
0,-83476,-83782
0,-83476,-83782
0,-83476,-83782
0,-83476
0,-83476
0,-83476
0,-83476
0,-83476
0,
0,
0,-83476
0,-83476
0,-83476
0,-83476
0,-83934
0,-83934
0,-83934
0,-83934
0,-83934
0,-83934
0,-83934
0,-83934
0,-83934
0,-83934
0,-83934
0,-83934
0,-83934
0,-83934
0,-83934
0,-83934
0,-83476
0,-83476
0,-83476
0,-83476
0,-83476
0,-83476
0,-83476
0,-83934
0,-83934
0,-83934
0,-83934
0,-83934
0,-83934
0,-83934
0,-83934
0,-83934
0,-83934
0,-83934
0,-83934
0,-83934
0,-83934
0,-83934
0,-83934
0,-83934
0,
0,
0,
0,
0,
0,-83376
0,-83376
0,-83376
0,-83376
0,-83376
0,-83376
0,-83376
0,-83376
0,-83376
0,-83376
0,-83376
0,-83376
0,-83376
0,-83834,-83376
0,-83834,-83376
0,-83376
0,-83376
0,-83376
0,-83376,-83528
0,-83376,-83528
0,-83376,-83528
0,-83376,-83528
0,-83376,-83528
0,-83376,-83528
0,-83376,-83528
0,-83376,-83528
0,-83528
0,-83528
0,-83528
0,-83528
0,-83528
0,-83528
0,-83528
0,-83528
0,-83528
0,-83528
0,-83528
0,-83528
0,-83528
0,-83528
0,-83528
0,-83528
0,-83528
0,-83528
0,-83528
0,-83528
0,-83528
0,-83528
0,-83528,-83834
0,-83528,-83834
0,-83834
0,-83834
0,-83834
0,-83834
0,-83834
0,-83834
0,-83834
0,
0,
0,
0,
0,
0,
0,
0,
0,
0,
0,
0,
0,
0,
0,
0,
0,
0,
0,
0,
0,
0,
0,
0,
0,
0,
0,
0,-82916
0,-82916
0,-82916
0,-82764,-82916
0,-82916
0,-82916
0,-82764,-82916
0,-82916
0,-82764
0,-82764
0,
0,
0,
0,
0,
0,
0,
0,
0,
0,
0,
0,
0,
0,
0,
0,
0,
0,
0,
0,
0,
0,
0,
0,
0,
0,
0,
0,
0,
0,
0,
0,
0,
0,
0,
0,
0,
0,
0,
0,
0,
0,
0,
0,
0,
0,
0,
0,
0,
0,
0,
0,
0,
0,
0,
0,
0,
0,
0,
0,
0,
0,
0,
0,
0,
0,
0,
0,
0,
0,
0,
0,
0,
0,
0,
0,
0,-83376
0,-83376
0,-83376
0,-83376
0,-84140
0,-84140
0,-84140
0,-84140
0,-84140
0,-84140
0,-84140,-83682
0,-84140,-83682
0,-84140,-83682
0,-84140,-83682
0,-83682
0,-83682
0,-83682
0,-82916,-83682
0,-82916,-83682
0,-82916,-83682
0,-83222,-83682
0,-82916,-83222,-83682
0,-83682
0,-82916
0,-82916
0,-82916
0,-82764
0,-82764
0,-82764
0,-82764
0,-82764
0,-82764
0,-82764
0,-82764
0,-82764,-83476
0,-82764,-83476
0,-82764,-83476
0,-82764,-83476
0,-82764,-83476
0,-82764,-83476
0,-82764,-83476
0,-82764
0,-82764
0,-82764
0,-82764
0,-82764
0,-82764
0,-82764
0,-83988
0,-83988
0,-83988
0,-83988
0,-83988
0,-83988
0,-83988
0,-83988
0,-83988
0,-83988
0,-83988
0,-83988
0,-83988
0,-83988
0,-83988
0,-83988
0,
0,
0,
0,
0,
0,-82764
0,-82764
0,-82764
0,-82764
0,-82764
0,-82764
0,-82764
0,-82764
0,
0,
0,
0,
0,
0,
0,
0,-83988
0,-83988
0,-83988
0,-83988
0,-83988
0,-83988
0,-83988
0,-83988
0,-83988
0,-83988
0,
0,
0,
0,
0,
0,
0,
1,-83934,-82916
1,-83628
1,-84240
1,-84240
1,-84240
1,-84240
1,-84240
1,-84240
1,-84240
1,-84240
1,-84240
1,-84240
1,-84240
1,-84240
1,-84240
1,-84240
1,-84240
1,-84240
1,
1,
1,
1,
1,
1,
1,
1,
1,
1,
1,
1,
1,
1,
1,
1,
1,
1,
1,
1,
1,
1,
1,
1,
1,
1,
1,
1,
1,
1,
1,
1,
1,
1,
1,
1,
1,
1,
1,
1,
1,
1,
1,
1,
1,
1,
1,
1,
1,
1,
1,
1,
1,
1,
1,
1,
1,
1,
1,
1,
1,
1,
1,
1,
1,
1,
1,
1,
1,
1,
1,
1,
1,
1,
1,
1,
1,
1,
1,
1,
1,
1,
1,
1,
1,
1,
1,
1,
1,
1,
1,
1,
1,
1,
1,
1,
1,
1,
1,
1,
1,
1,
1,-82916
1,-82916
1,-82916
1,
1,
1,
1,
1,
1,
1,
1,
1,
1,
1,
1,
1,
1,
1,
1,-83070
1,-83070
1,
1,-83070
1,
1,-83070
1,-83070
1,-83070
1,-83070
1,-83070
1,
1,-83070
1,
1,
1,
1,
1,
1,
1,
1,
1,
1,
1,
1,
1,
1,
1,-84140
1,-84140
1,-84140
1,-84140
1,-84140
1,-84140
1,
1,
1,
1,-82864
1,
1,
1,
1,
1,
1,
1,
1,
1,
1,
1,
1,
1,
1,
1,
1,
1,
1,
1,
1,
1,
1,
1,
1,
1,
1,
1,
1,
1,
1,
1,
1,
1,
1,
1,
1,
1,
1,
1,
1,
1,
1,
1,
1,
1,
1,
1,
1,
1,-82764
1,-82764
1,-82764
1,-82764
1,-82764
1,-82764
1,
1,
1,
1,
1,
1,
1,
1,
1,-83934
1,-83934
1,-83934
1,-83934
1,-83934
1,-83934
1,-83934
1,-83934
1,-83016
1,-83016
1,-83016
1,-83016
1,-83016
1,-83016
1,-83934,-83016
1,-83934,-83016
1,-83934,-83016
1,-83934,-83016
1,-83934,-83016
1,-83934,-83016
1,-83016
1,-83934,-83016
1,-83934
1,-83934
1,-83934
1,-83934
1,-83934
1,-83934
1,-83934
1,-83934
1,-83934
1,-83934
1,-83934
1,-83934
1,-83934
1,-83934
1,-83934
1,-83934
1,-83934
1,-83628
1,-83628
1,-83628
1,-83628
1,-83628
1,-83628
1,-83628
1,-83628
1,
1,
1,
1,
1,
1,
1,
1,
1,
1,
1,
1,
1,
1,
1,
1,
1,
1,
1,
1,
1,
1,
1,
1,
1,
1,-84140
1,
1,-84140
1,-84140
1,-84140
1,-84140
1,-84140
1,-84140
1,-84140
1,-84140
1,-84140
1,-82916,-84140
1,-82916
1,-82916
1,-82916
1,
1,
1,
1,
1,
1,
1,
1,
1,
1,
1,
1,
1,
1,
1,
1,
1,
1,
1,
1,
1,
1,-83170
1,-83170
1,
1,
1,
1,
1,-82864
1,-82864
1,-84240,-82864
1,-84240,-82864
1,-84240,-82864
1,-84240,-82864
1,-84240,-82864
1,-82864,-83322
1,-84088,-82864,-83322
1,-82864,-83322
1,-84088,-82864,-83322
1,-84088,-82864,-83322
1,-84088,-82864,-83322
1,-84088,-82864
1,-84088,-82864
1,-82864
1,-82864
1,-82864
1,-82864
1,-82864
1,-82864
1,-82864
1,-82864
1,-82864
1,-82864
1,-82864
